[gd_scene load_steps=44 format=3 uid="uid://bghqr8xw1q8pe"]

[ext_resource type="PackedScene" uid="uid://17uiya8ydlis" path="res://Scenes/character.tscn" id="2_3gvof"]
[ext_resource type="ArrayMesh" uid="uid://b675t82u13h0f" path="res://Resources/3D/meshes/Characters/bloodeagle.res" id="2_or016"]
[ext_resource type="Script" path="res://Scripts/anatomy.gd" id="3_8u6yh"]
[ext_resource type="Script" path="res://Scripts/bloodeagle.gd" id="3_v8so0"]
[ext_resource type="Script" path="res://Scripts/stat_record.gd" id="4_62uee"]
[ext_resource type="AnimationLibrary" uid="uid://ba8fkthweadkf" path="res://Resources/3D/animations/bloodeagle.tres" id="4_76w7x"]
[ext_resource type="Resource" uid="uid://bdj586h27ic2l" path="res://Resources/Action/backsword_swing.tres" id="5_o6kbq"]

[sub_resource type="Resource" id="Resource_jsw8a"]
script = ExtResource("4_62uee")
stat_name = "art"
value = 1.0

[sub_resource type="Resource" id="Resource_cu8qx"]
resource_name = "left hand"
script = ExtResource("3_8u6yh")
name = "left hand"
hp = 380.0
blood = 0.0
children = Array[ExtResource("3_8u6yh")]([])
actions = Array[Resource("res://Scripts/action.gd")]([])
stat_mults = Array[ExtResource("4_62uee")]([SubResource("Resource_jsw8a")])

[sub_resource type="Resource" id="Resource_6bqc7"]
script = ExtResource("4_62uee")
stat_name = "muscle"
value = 0.0

[sub_resource type="Resource" id="Resource_qnkvh"]
resource_name = "left arm"
script = ExtResource("3_8u6yh")
name = "left arm"
hp = 6500.0
blood = 0.0
children = Array[ExtResource("3_8u6yh")]([SubResource("Resource_cu8qx")])
actions = Array[Resource("res://Scripts/action.gd")]([])
stat_mults = Array[ExtResource("4_62uee")]([SubResource("Resource_6bqc7")])

[sub_resource type="Resource" id="Resource_vou8q"]
script = ExtResource("4_62uee")
stat_name = "art"
value = 1.0

[sub_resource type="Resource" id="Resource_7tah3"]
resource_name = "right hand"
script = ExtResource("3_8u6yh")
name = "right hand"
hp = 380.0
blood = 0.0
children = Array[ExtResource("3_8u6yh")]([])
actions = Array[Resource("res://Scripts/action.gd")]([])
stat_mults = Array[ExtResource("4_62uee")]([SubResource("Resource_vou8q")])

[sub_resource type="Resource" id="Resource_1k61k"]
script = ExtResource("4_62uee")
stat_name = "muscle"
value = 1.0

[sub_resource type="Resource" id="Resource_oka0u"]
resource_name = "right arm"
script = ExtResource("3_8u6yh")
name = "right arm"
hp = 6500.0
blood = 0.0
children = Array[ExtResource("3_8u6yh")]([SubResource("Resource_7tah3")])
actions = Array[Resource("res://Scripts/action.gd")]([ExtResource("5_o6kbq")])
stat_mults = Array[ExtResource("4_62uee")]([SubResource("Resource_1k61k")])

[sub_resource type="Resource" id="Resource_qitj7"]
script = ExtResource("4_62uee")
stat_name = "locomotion"
value = 1.0

[sub_resource type="Resource" id="Resource_4qcne"]
script = ExtResource("4_62uee")
stat_name = "muscle"
value = 1.0

[sub_resource type="Resource" id="Resource_xwuvo"]
resource_name = "left leg"
script = ExtResource("3_8u6yh")
name = "left leg"
hp = 7.0
blood = 0.0
children = Array[ExtResource("3_8u6yh")]([])
actions = Array[Resource("res://Scripts/action.gd")]([])
stat_mults = Array[ExtResource("4_62uee")]([SubResource("Resource_qitj7"), SubResource("Resource_4qcne")])

[sub_resource type="Resource" id="Resource_rclr8"]
script = ExtResource("4_62uee")
stat_name = "locomotion"
value = 1.0

[sub_resource type="Resource" id="Resource_oatiy"]
script = ExtResource("4_62uee")
stat_name = "muscle"
value = 1.0

[sub_resource type="Resource" id="Resource_bp7yd"]
resource_name = "right leg"
script = ExtResource("3_8u6yh")
name = "right leg"
hp = 7.0
blood = 0.0
children = Array[ExtResource("3_8u6yh")]([])
actions = Array[Resource("res://Scripts/action.gd")]([])
stat_mults = Array[ExtResource("4_62uee")]([SubResource("Resource_rclr8"), SubResource("Resource_oatiy")])

[sub_resource type="Resource" id="Resource_he0en"]
script = ExtResource("4_62uee")
stat_name = "consciousness"
value = 1.0

[sub_resource type="Resource" id="Resource_hpqw8"]
resource_name = "brain"
script = ExtResource("3_8u6yh")
name = "brain"
hp = 4.0
blood = 0.0
children = Array[ExtResource("3_8u6yh")]([])
actions = Array[Resource("res://Scripts/action.gd")]([])
stat_mults = Array[ExtResource("4_62uee")]([SubResource("Resource_he0en")])

[sub_resource type="Resource" id="Resource_x8dq4"]
resource_name = "head"
script = ExtResource("3_8u6yh")
name = "head"
hp = 6.0
blood = 0.0
children = Array[ExtResource("3_8u6yh")]([SubResource("Resource_hpqw8")])
actions = Array[Resource("res://Scripts/action.gd")]([ExtResource("5_o6kbq")])
stat_mults = Array[ExtResource("4_62uee")]([])

[sub_resource type="Resource" id="Resource_8l7t5"]
script = ExtResource("4_62uee")
stat_name = "respiration"
value = 1.0

[sub_resource type="Resource" id="Resource_kohos"]
resource_name = "left lung"
script = ExtResource("3_8u6yh")
name = "left lung"
hp = 5.0
blood = 0.0
children = Array[ExtResource("3_8u6yh")]([])
actions = Array[Resource("res://Scripts/action.gd")]([])
stat_mults = Array[ExtResource("4_62uee")]([SubResource("Resource_8l7t5")])

[sub_resource type="Resource" id="Resource_ag2os"]
script = ExtResource("4_62uee")
stat_name = "respiration"
value = 1.0

[sub_resource type="Resource" id="Resource_18ss2"]
resource_name = "right lung"
script = ExtResource("3_8u6yh")
name = "right lung"
hp = 5.0
blood = 0.0
children = Array[ExtResource("3_8u6yh")]([])
actions = Array[Resource("res://Scripts/action.gd")]([])
stat_mults = Array[ExtResource("4_62uee")]([SubResource("Resource_ag2os")])

[sub_resource type="Resource" id="Resource_wa8pe"]
script = ExtResource("4_62uee")
stat_name = "circulation"
value = 1.0

[sub_resource type="Resource" id="Resource_0vg4s"]
resource_name = "heart"
script = ExtResource("3_8u6yh")
name = "heart"
hp = 2.0
blood = 0.0
children = Array[ExtResource("3_8u6yh")]([])
actions = Array[Resource("res://Scripts/action.gd")]([])
stat_mults = Array[ExtResource("4_62uee")]([SubResource("Resource_wa8pe")])

[sub_resource type="Resource" id="Resource_jsagj"]
script = ExtResource("4_62uee")
stat_name = "muscle"
value = 1.0

[sub_resource type="Resource" id="Resource_j22er"]
resource_name = "thorax"
script = ExtResource("3_8u6yh")
name = "thorax"
hp = 0.0
blood = 0.0
children = Array[ExtResource("3_8u6yh")]([SubResource("Resource_kohos"), SubResource("Resource_18ss2"), SubResource("Resource_0vg4s")])
actions = Array[Resource("res://Scripts/action.gd")]([])
stat_mults = Array[ExtResource("4_62uee")]([SubResource("Resource_jsagj")])

[sub_resource type="Resource" id="Resource_1csq0"]
script = ExtResource("4_62uee")
stat_name = "metabolism"
value = 1.0

[sub_resource type="Resource" id="Resource_t2mvp"]
resource_name = "stomach"
script = ExtResource("3_8u6yh")
name = "stomach"
hp = 5.0
blood = 0.0
children = Array[ExtResource("3_8u6yh")]([])
actions = Array[Resource("res://Scripts/action.gd")]([])
stat_mults = Array[ExtResource("4_62uee")]([SubResource("Resource_1csq0")])

[sub_resource type="Resource" id="Resource_lsguy"]
script = ExtResource("4_62uee")
stat_name = "metabolism"
value = 1.0

[sub_resource type="Resource" id="Resource_ane1c"]
resource_name = "small intestine"
script = ExtResource("3_8u6yh")
name = "small intestine"
hp = 6.0
blood = 0.0
children = Array[ExtResource("3_8u6yh")]([])
actions = Array[Resource("res://Scripts/action.gd")]([])
stat_mults = Array[ExtResource("4_62uee")]([SubResource("Resource_lsguy")])

[sub_resource type="Resource" id="Resource_688qh"]
script = ExtResource("4_62uee")
stat_name = "metabolism"
value = 0.5

[sub_resource type="Resource" id="Resource_qb7r8"]
resource_name = "large intestine"
script = ExtResource("3_8u6yh")
name = "large intestine"
hp = 6.0
blood = 0.0
children = Array[ExtResource("3_8u6yh")]([])
actions = Array[Resource("res://Scripts/action.gd")]([])
stat_mults = Array[ExtResource("4_62uee")]([SubResource("Resource_688qh")])

[sub_resource type="Resource" id="Resource_1kfde"]
resource_name = "abdomen"
script = ExtResource("3_8u6yh")
name = "abdomen"
hp = 0.0
blood = 0.0
children = Array[ExtResource("3_8u6yh")]([SubResource("Resource_t2mvp"), SubResource("Resource_ane1c"), SubResource("Resource_qb7r8")])
actions = Array[Resource("res://Scripts/action.gd")]([])
stat_mults = Array[ExtResource("4_62uee")]([])

[sub_resource type="Resource" id="Resource_7wrmd"]
script = ExtResource("4_62uee")
stat_name = "locomotion"
value = 0.2

[sub_resource type="Resource" id="Resource_ffl7k"]
resource_local_to_scene = true
script = ExtResource("3_8u6yh")
name = "body"
hp = 0.0
blood = 0.0
children = Array[ExtResource("3_8u6yh")]([SubResource("Resource_qnkvh"), SubResource("Resource_oka0u"), SubResource("Resource_xwuvo"), SubResource("Resource_bp7yd"), SubResource("Resource_x8dq4"), SubResource("Resource_j22er"), SubResource("Resource_1kfde")])
actions = Array[Resource("res://Scripts/action.gd")]([])
stat_mults = Array[ExtResource("4_62uee")]([SubResource("Resource_7wrmd")])

[sub_resource type="Skin" id="Skin_y06og"]
resource_name = "Skin"
bind_count = 65
bind/0/name = &"mixamorig_Hips"
bind/0/bone = -1
bind/0/pose = Transform3D(100, 0, 0, 0, 100, 1.62921e-05, 0, -1.62921e-05, 100, 0, -133.041, 0.859501)
bind/1/name = &"mixamorig_Spine"
bind/1/bone = -1
bind/1/pose = Transform3D(100, 0, 0, 0, 99.9479, -3.22766, 0, 3.22766, 99.9479, 0, -140.018, -3.43507)
bind/2/name = &"mixamorig_Spine1"
bind/2/bone = -1
bind/2/pose = Transform3D(100, 0, 0, 0, 99.9479, -3.22765, 0, 3.22765, 99.9479, 0, -148.206, -3.43506)
bind/3/name = &"mixamorig_Spine2"
bind/3/bone = -1
bind/3/pose = Transform3D(100, 0, 0, 0, 99.9479, -3.22766, 0, 3.22766, 99.9479, 0, -157.564, -3.43507)
bind/4/name = &"mixamorig_Neck"
bind/4/bone = -1
bind/4/pose = Transform3D(100, 0, 0, 0, 100, 1.5547e-05, 0, -1.62921e-05, 100, 0, -168.115, 1.99218)
bind/5/name = &"mixamorig_Head"
bind/5/bone = -1
bind/5/pose = Transform3D(100, 0, 0, 0, 100, 1.5547e-05, 0, -1.62921e-05, 100, 0, -173.329, 1.27921)
bind/6/name = &"mixamorig_HeadTop_End"
bind/6/bone = -1
bind/6/pose = Transform3D(100, 0, 0, 0, 100, 1.5547e-05, 0, -1.62921e-05, 100, 0, -192.564, -1.35143)
bind/7/name = &"mixamorig_LeftShoulder"
bind/7/bone = -1
bind/7/pose = Transform3D(-1.04091, -3.24775, -99.9418, 96.67, -25.5905, -0.175249, -25.5699, -96.6156, 3.40597, 3.46683, 36.667, 162.432)
bind/8/name = &"mixamorig_LeftArm"
bind/8/bone = -1
bind/8/pose = Transform3D(-19.0052, 1.56926, -98.1648, 97.4816, -11.5814, -19.0581, -11.668, -99.3147, 0.671332, -1.04202, 0.522899, 164.215)
bind/9/name = &"mixamorig_LeftForeArm"
bind/9/bone = -1
bind/9/pose = Transform3D(20.13, -3.02684, -97.9062, 96.6128, -15.8637, 20.3545, -16.1477, -98.6873, -0.26904, -11.8293, -17.9336, 165.22)
bind/10/name = &"mixamorig_LeftHand"
bind/10/bone = -1
bind/10/pose = Transform3D(-18.2403, -97.1485, -15.1477, 86.9801, -23.1269, 43.5844, -45.8448, -5.22553, 88.7184, 165.03, -44.1329, 47.8401)
bind/11/name = &"mixamorig_LeftHandThumb1"
bind/11/bone = -1
bind/11/pose = Transform3D(11.4314, -99.3444, 0.0557325, 88.5308, 10.2125, 45.3652, -45.0735, -5.13652, 89.1178, 143.098, -104.566, 46.9997)
bind/12/name = &"mixamorig_LeftHandThumb2"
bind/12/bone = -1
bind/12/pose = Transform3D(11.4314, -99.3444, 0.0557752, 89.6404, 10.339, 43.1011, -42.8243, -4.87705, 90.2346, 144.552, -112.21, 44.1811)
bind/13/name = &"mixamorig_LeftHandThumb3"
bind/13/bone = -1
bind/13/pose = Transform3D(11.4314, -99.3444, 0.0557697, 87.8802, 10.1385, 46.6291, -46.329, -5.28136, 88.4631, 144.527, -118.725, 48.9053)
bind/14/name = &"mixamorig_LeftHandThumb4"
bind/14/bone = -1
bind/14/pose = Transform3D(11.4314, -99.3444, 0.055772, 87.8803, 10.1385, 46.6291, -46.3291, -5.28136, 88.4631, 143.098, -126.967, 48.9053)
bind/15/name = &"mixamorig_LeftHandIndex1"
bind/15/bone = -1
bind/15/pose = Transform3D(-4.70421, -99.5443, -8.294, 96.3633, -6.70911, 25.867, -26.3056, -6.77553, 96.2398, 158.645, -92.7427, 28.2457)
bind/16/name = &"mixamorig_LeftHandIndex2"
bind/16/bone = -1
bind/16/pose = Transform3D(-4.70416, -99.5443, -8.294, 84.8893, -8.36014, 52.1911, -52.6467, -4.58556, 84.8958, 158.342, -93.4516, 57.2128)
bind/17/name = &"mixamorig_LeftHandIndex3"
bind/17/bone = -1
bind/17/pose = Transform3D(-4.70426, -99.5443, -8.29405, 78.628, -8.81128, 61.1555, -61.6077, -3.64452, 78.6842, 158.432, -98.1146, 68.3436)
bind/18/name = &"mixamorig_LeftHandIndex4"
bind/18/bone = -1
bind/18/pose = Transform3D(-4.70425, -99.5443, -8.29407, 78.6279, -8.81128, 61.1556, -61.6078, -3.64455, 78.6842, 158.645, -109.09, 68.3437)
bind/19/name = &"mixamorig_LeftHandMiddle1"
bind/19/bone = -1
bind/19/pose = Transform3D(-14.326, -98.0869, -13.1802, 94.2822, -17.5756, 28.3189, -30.0936, -8.36961, 94.9964, 163.175, -73.6188, 34.6832)
bind/20/name = &"mixamorig_LeftHandMiddle2"
bind/20/bone = -1
bind/20/pose = Transform3D(-14.3261, -98.0869, -13.1802, 84.4904, -19.0565, 49.9821, -51.5377, -3.97554, 85.6041, 162.906, -76.8618, 54.4044)
bind/21/name = &"mixamorig_LeftHandMiddle3"
bind/21/bone = -1
bind/21/pose = Transform3D(-14.3261, -98.0869, -13.1802, 78.5417, -19.3708, 58.7874, -60.2159, -1.93003, 79.8143, 162.973, -83.63, 63.6422)
bind/22/name = &"mixamorig_LeftHandMiddle4"
bind/22/bone = -1
bind/22/pose = Transform3D(-14.326, -98.0869, -13.1802, 78.5417, -19.3708, 58.7874, -60.2159, -1.93007, 79.8143, 163.175, -96.3146, 63.6423)
bind/23/name = &"mixamorig_LeftHandRing1"
bind/23/bone = -1
bind/23/pose = Transform3D(-29.7911, -93.1476, -20.8808, 90.0467, -34.6823, 26.2435, -31.6871, -10.9842, 94.2086, 169.766, -44.013, 40.1949)
bind/24/name = &"mixamorig_LeftHandRing2"
bind/24/bone = -1
bind/24/pose = Transform3D(-29.7911, -93.1476, -20.8808, 79.3061, -36.3256, 48.8977, -53.1321, -1.99256, 84.6936, 169.565, -44.8871, 53.0582)
bind/25/name = &"mixamorig_LeftHandRing3"
bind/25/bone = -1
bind/25/pose = Transform3D(-29.7911, -93.1476, -20.8807, 77.5368, -36.3711, 51.6254, -55.6825, -0.81043, 83.0591, 169.65, -54.8576, 54.8706)
bind/26/name = &"mixamorig_LeftHandRing4"
bind/26/bone = -1
bind/26/pose = Transform3D(-29.7911, -93.1477, -20.8807, 77.5368, -36.3711, 51.6254, -55.6824, -0.810427, 83.0591, 169.766, -66.1536, 54.8706)
bind/27/name = &"mixamorig_LeftHandPinky1"
bind/27/bone = -1
bind/27/pose = Transform3D(-52.9435, -78.5739, -31.9863, 73.9157, -61.2287, 28.0627, -41.6348, -8.78549, 90.4951, 170.414, 12.3303, 48.7149)
bind/28/name = &"mixamorig_LeftHandPinky2"
bind/28/bone = -1
bind/28/pose = Transform3D(-52.9436, -78.5739, -31.9862, 62.2854, -61.6009, 48.2271, -57.5978, 5.61043, 81.5538, 170.338, 15.7949, 46.3178)
bind/29/name = &"mixamorig_LeftHandPinky3"
bind/29/bone = -1
bind/29/pose = Transform3D(-52.9435, -78.5739, -31.9863, 62.2477, -61.5972, 48.2805, -57.6386, 5.65069, 81.5221, 170.378, 9.19649, 46.312)
bind/30/name = &"mixamorig_LeftHandPinky4"
bind/30/bone = -1
bind/30/pose = Transform3D(-52.9435, -78.5739, -31.9863, 62.2477, -61.5972, 48.2805, -57.6386, 5.65068, 81.5222, 170.414, 3.41444, 46.312)
bind/31/name = &"mixamorig_RightShoulder"
bind/31/bone = -1
bind/31/pose = Transform3D(-0.678236, 3.24644, 99.945, -96.67, -25.5905, 0.175231, 25.5821, -96.6157, 3.3119, -3.46472, 36.6741, 162.43)
bind/32/name = &"mixamorig_RightArm"
bind/32/bone = -1
bind/32/pose = Transform3D(-19.2628, -1.73725, 98.1118, -97.4281, -11.5751, -19.3335, 11.6924, -99.3127, 0.537116, 1.20175, 0.529869, 164.213)
bind/33/name = &"mixamorig_RightForeArm"
bind/33/bone = -1
bind/33/pose = Transform3D(20.1372, 2.90037, 97.9086, -96.6156, -15.8642, 20.3412, 16.1224, -98.691, -0.392385, 12.0496, -17.9321, 165.205)
bind/34/name = &"mixamorig_RightHand"
bind/34/bone = -1
bind/34/pose = Transform3D(-18.082, 96.9485, 16.554, -86.7855, -23.6471, 43.6932, 46.2744, -6.46587, 88.4131, -164.603, -43.1557, 50.1458)
bind/35/name = &"mixamorig_RightHandThumb1"
bind/35/bone = -1
bind/35/pose = Transform3D(11.9278, 99.2809, 1.01785, -88.5835, 10.1784, 45.2699, 44.8408, -6.30134, 89.1605, -142.509, -104.53, 48.5851)
bind/36/name = &"mixamorig_RightHandThumb2"
bind/36/bone = -1
bind/36/pose = Transform3D(11.9277, 99.2809, 1.01784, -89.8986, 10.3643, 42.5539, 42.1424, -5.99074, 90.4883, -143.913, -112.426, 45.2071)
bind/37/name = &"mixamorig_RightHandThumb3"
bind/37/bone = -1
bind/37/pose = Transform3D(11.9276, 99.2809, 1.0179, -87.2348, 9.98975, 47.857, 47.4112, -6.59617, 87.799, -143.979, -117.848, 52.3041)
bind/38/name = &"mixamorig_RightHandThumb4"
bind/38/bone = -1
bind/38/pose = Transform3D(11.9276, 99.2809, 1.0179, -87.2348, 9.98976, 47.857, 47.4112, -6.59618, 87.799, -142.509, -126.211, 52.3041)
bind/39/name = &"mixamorig_RightHandIndex1"
bind/39/bone = -1
bind/39/pose = Transform3D(-3.66334, 99.509, 9.19475, -96.0607, -6.04289, 27.1263, 27.5487, -7.83881, 95.8103, -157.49, -93.3792, 31.31)
bind/40/name = &"mixamorig_RightHandIndex2"
bind/40/bone = -1
bind/40/pose = Transform3D(-3.66338, 99.509, 9.19476, -85.6334, -7.86866, 51.0393, 51.5122, -6.00402, 85.5012, -157.158, -94.726, 57.8476)
bind/41/name = &"mixamorig_RightHandIndex3"
bind/41/bone = -1
bind/41/pose = Transform3D(-3.66336, 99.509, 9.1947, -76.9153, -8.68185, 63.3141, 63.8014, -4.75271, 76.8556, -157.225, -96.6316, 73.208)
bind/42/name = &"mixamorig_RightHandIndex4"
bind/42/bone = -1
bind/42/pose = Transform3D(-3.66335, 99.509, 9.19472, -76.9153, -8.68186, 63.3141, 63.8015, -4.75273, 76.8556, -157.49, -107.977, 73.2081)
bind/43/name = &"mixamorig_RightHandMiddle1"
bind/43/bone = -1
bind/43/pose = Transform3D(-13.1309, 98.1336, 14.0493, -95.0876, -16.4755, 26.2091, 28.0346, -9.9177, 95.4762, -162.135, -76.2859, 34.531)
bind/44/name = &"mixamorig_RightHandMiddle2"
bind/44/bone = -1
bind/44/pose = Transform3D(-13.1308, 98.1336, 14.0493, -83.7232, -18.5666, 51.4364, 53.0849, -5.00853, 84.5985, -161.788, -77.5414, 58.0746)
bind/45/name = &"mixamorig_RightHandMiddle3"
bind/45/bone = -1
bind/45/pose = Transform3D(-13.1308, 98.1336, 14.0493, -76.5254, -19.043, 61.4917, 63.0194, -2.67694, 77.5976, -161.878, -82.3837, 68.7769)
bind/46/name = &"mixamorig_RightHandMiddle4"
bind/46/bone = -1
bind/46/pose = Transform3D(-13.1308, 98.1336, 14.0493, -76.5255, -19.043, 61.4917, 63.0194, -2.67691, 77.5976, -162.135, -94.6109, 68.7767)
bind/47/name = &"mixamorig_RightHandRing1"
bind/47/bone = -1
bind/47/pose = Transform3D(-29.3088, 93.0093, 22.142, -90.2635, -34.553, 25.6632, 31.5199, -12.4645, 94.0805, -169.248, -44.4076, 42.0801)
bind/48/name = &"mixamorig_RightHandRing2"
bind/48/bone = -1
bind/48/pose = Transform3D(-29.3088, 93.0093, 22.1419, -79.296, -36.5858, 48.7199, 53.4148, -3.27846, 84.4755, -168.996, -44.6328, 55.2293)
bind/49/name = &"mixamorig_RightHandRing3"
bind/49/bone = -1
bind/49/pose = Transform3D(-29.3087, 93.0093, 22.142, -73.9224, -36.732, 56.4468, 60.634, 0.17598, 79.5204, -169.072, -51.0409, 60.2956)
bind/50/name = &"mixamorig_RightHandRing4"
bind/50/bone = -1
bind/50/pose = Transform3D(-29.3088, 93.0093, 22.1419, -73.9225, -36.732, 56.4468, 60.6339, 0.17602, 79.5204, -169.248, -62.1207, 60.2955)
bind/51/name = &"mixamorig_RightHandPinky1"
bind/51/bone = -1
bind/51/pose = Transform3D(-50.566, 79.9924, 32.3158, -73.1348, -59.6142, 33.1278, 45.7645, -6.8827, 88.6467, -169.883, 10.0146, 50.5648)
bind/52/name = &"mixamorig_RightHandPinky2"
bind/52/bone = -1
bind/52/pose = Transform3D(-50.5659, 79.9924, 32.3158, -62.5814, -59.793, 50.0837, 59.3857, 5.10165, 80.2952, -169.825, 12.124, 49.1354)
bind/53/name = &"mixamorig_RightHandPinky3"
bind/53/bone = -1
bind/53/pose = Transform3D(-50.5659, 79.9924, 32.3157, -68.1403, -60.0045, 41.9091, 52.915, -0.828283, 84.8488, -169.879, 0.96884, 49.4729)
bind/54/name = &"mixamorig_RightHandPinky4"
bind/54/bone = -1
bind/54/pose = Transform3D(-50.5659, 79.9924, 32.3157, -68.1403, -60.0045, 41.9091, 52.915, -0.828283, 84.8488, -169.883, -4.3661, 49.4729)
bind/55/name = &"mixamorig_LeftUpLeg"
bind/55/bone = -1
bind/55/pose = Transform3D(-99.8906, -4.67438, 0.0138442, 4.6744, -99.8903, 0.296102, 1.19549e-06, 0.296425, 99.9996, 12.9347, 128.692, 1.6928)
bind/56/name = &"mixamorig_LeftLeg"
bind/56/bone = -1
bind/56/pose = Transform3D(-99.9158, -4.10172, 0.0121361, 4.10172, -99.9143, 0.554722, -0.0106144, 0.554753, 99.9985, 12.5077, 74.544, 1.50007)
bind/57/name = &"mixamorig_LeftFoot"
bind/57/bone = -1
bind/57/pose = Transform3D(-95.4865, -4.08331, -29.4219, -19.4778, -66.1752, 72.3979, -22.4262, 74.861, 62.3931, 11.5121, 8.426, -1.88007)
bind/58/name = &"mixamorig_LeftToeBase"
bind/58/bone = -1
bind/58/pose = Transform3D(-95.2929, 30.2522, 2.01445, -5.62088, -24.1564, 96.8756, 29.7936, 92.2024, 24.7197, 9.41343, -4.72357, -5.24849)
bind/59/name = &"mixamorig_LeftToe_End"
bind/59/bone = -1
bind/59/pose = Transform3D(-95.2928, 30.2522, 2.01451, -5.62083, -24.1563, 96.8756, 29.7936, 92.2023, 24.7197, 9.41342, -8.34592, -5.24849)
bind/60/name = &"mixamorig_RightUpLeg"
bind/60/bone = -1
bind/60/pose = Transform3D(-99.8906, 4.67416, 0.0347274, -4.67429, -99.8879, -0.742707, 1.08606e-05, -0.743519, 99.9972, -12.9336, 128.671, 2.5005)
bind/61/name = &"mixamorig_RightLeg"
bind/61/bone = -1
bind/61/pose = Transform3D(-99.9157, 4.10195, 0.0305026, -4.10172, -99.9143, 0.556875, 0.0533569, 0.555155, 99.9984, -12.507, 74.5442, 1.53175)
bind/62/name = &"mixamorig_RightFoot"
bind/62/bone = -1
bind/62/pose = Transform3D(-95.977, 4.09493, 27.7782, 18.8338, -63.9861, 74.5055, 20.8252, 76.7399, 60.6408, -11.5908, 8.23639, -2.22656)
bind/63/name = &"mixamorig_RightToeBase"
bind/63/bone = -1
bind/63/pose = Transform3D(-95.2284, -30.4501, -2.07855, 5.64993, -24.2799, 96.843, -29.9934, 92.1047, 24.8418, -9.39234, -5.14187, -5.38403)
bind/64/name = &"mixamorig_RightToe_End"
bind/64/bone = -1
bind/64/pose = Transform3D(-95.2284, -30.45, -2.07854, 5.64993, -24.2799, 96.843, -29.9933, 92.1047, 24.8418, -9.39235, -8.74561, -5.38402)

[sub_resource type="PrismMesh" id="PrismMesh_r345s"]

[node name="NPC" type="Node3D"]
script = ExtResource("3_v8so0")

[node name="Character" parent="." instance=ExtResource("2_3gvof")]
anatomy = SubResource("Resource_ffl7k")

[node name="bloodeagle" type="Node3D" parent="Character"]
transform = Transform3D(0.4, 0, 0, 0, 0.4, 0, 0, 0, 0.4, 0, 0, 0)

[node name="BloodEagleAnimated" type="Node3D" parent="Character/bloodeagle"]
transform = Transform3D(0.01, 0, 0, 0, -3.57628e-09, -0.01, 0, 0.01, -3.57628e-09, 0, 0, 0)

[node name="AnimationPlayer" type="AnimationPlayer" parent="Character/bloodeagle/BloodEagleAnimated"]
root_node = NodePath("../..")
libraries = {
"bloodeagle": ExtResource("4_76w7x")
}

[node name="Skeleton3D" type="Skeleton3D" parent="Character/bloodeagle/BloodEagleAnimated"]
bones/0/name = "mixamorig_Hips"
bones/0/parent = -1
bones/0/rest = Transform3D(1, 0, 0, 0, 0, 1, 0, -1, 0, 0, -0.859501, -133.041)
bones/0/enabled = true
bones/0/position = Vector3(0.511906, 1.74746, -102.99)
bones/0/rotation = Quaternion(-0.59444, 0.0651687, 0.0439358, 0.80029)
bones/0/scale = Vector3(1, 1, 1)
bones/1/name = "mixamorig_Spine"
bones/1/parent = 0
bones/1/rest = Transform3D(1, 0, 0, 0, 0.999479, 0.0322768, 0, -0.0322768, 0.999479, 0, 7.01489, -0.226536)
bones/1/enabled = true
bones/1/position = Vector3(-7.99075e-07, 7.01488, -0.226538)
bones/1/rotation = Quaternion(0.0714968, -0.120342, -0.006929, 0.99013)
bones/1/scale = Vector3(1, 1, 1)
bones/2/name = "mixamorig_Spine1"
bones/2/parent = 1
bones/2/rest = Transform3D(1, 0, 0, 0, 1, -8.19564e-08, 0, 8.19564e-08, 1, 0, 8.18827, 0)
bones/2/enabled = true
bones/2/position = Vector3(-2.14577e-06, 8.18827, -6.85454e-06)
bones/2/rotation = Quaternion(0.0249832, -0.0356806, -0.00094335, 0.999051)
bones/2/scale = Vector3(1, 1, 1)
bones/3/name = "mixamorig_Spine2"
bones/3/parent = 2
bones/3/rest = Transform3D(1, 0, 0, 0, 1, 9.31323e-08, 0, -9.31323e-08, 1, 0, 9.35805, -5.96046e-07)
bones/3/enabled = true
bones/3/position = Vector3(-4.76837e-07, 9.35807, 3.57629e-07)
bones/3/rotation = Quaternion(0.0248498, -0.0377167, 0.000558679, 0.998979)
bones/3/scale = Vector3(1, 1, 1)
bones/4/name = "mixamorig_Neck"
bones/4/parent = 3
bones/4/rest = Transform3D(1, 0, 0, 0, 0.999479, -0.0322768, 0, 0.0322768, 0.999479, 0, 10.5278, -1.19209e-06)
bones/4/enabled = true
bones/4/position = Vector3(-1.43051e-06, 10.5278, -2.64324e-06)
bones/4/rotation = Quaternion(0.00933618, 0.0209327, -0.0379053, 0.999018)
bones/4/scale = Vector3(1, 1, 1)
bones/5/name = "mixamorig_Head"
bones/5/parent = 4
bones/5/rest = Transform3D(1, 0, 0, 0, 1, 0, 0, 0, 1, 0, 5.21341, 0.712967)
bones/5/enabled = true
bones/5/position = Vector3(3.8147e-06, 5.21338, 0.712966)
bones/5/rotation = Quaternion(-0.0679878, 0.0748829, -0.101175, 0.989714)
bones/5/scale = Vector3(1, 1, 1)
bones/6/name = "mixamorig_HeadTop_End"
bones/6/parent = 5
bones/6/rest = Transform3D(1, 0, 0, 0, 1, 0, 0, 0, 1, 0, 19.2358, 2.63064)
bones/6/enabled = true
bones/6/position = Vector3(-2.74181e-06, 19.2358, 2.63064)
bones/6/rotation = Quaternion(0, 0, 0, 1)
bones/6/scale = Vector3(1, 1, 1)
bones/7/name = "mixamorig_LeftShoulder"
bones/7/parent = 3
bones/7/rest = Transform3D(-0.010409, 0.9667, -0.255699, -0.000202715, -0.255715, -0.966752, -0.999946, -0.0100111, 0.00285769, 6.12376, 8.84448, -0.0655406)
bones/7/enabled = true
bones/7/position = Vector3(6.12376, 8.84451, -0.065541)
bones/7/rotation = Quaternion(-0.584146, -0.437536, 0.45522, -0.510011)
bones/7/scale = Vector3(1, 1, 1)
bones/8/name = "mixamorig_LeftArm"
bones/8/parent = 7
bones/8/rest = Transform3D(0.982546, 0.184084, 0.02676, -0.186019, 0.972326, 0.141345, -3.72529e-08, -0.143856, 0.989599, 0, 12.7538, 6.30319e-06)
bones/8/enabled = true
bones/8/position = Vector3(2.43072e-06, 12.7538, 4.44244e-06)
bones/8/rotation = Quaternion(-0.26175, -0.200074, 0.572343, 0.75092)
bones/8/scale = Vector3(1, 1, 1)
bones/9/name = "mixamorig_LeftForeArm"
bones/9/parent = 8
bones/9/rest = Transform3D(0.922362, -0.385914, 0.0178434, 0.386326, 0.921378, -0.0426032, 6.75209e-07, 0.0461889, 0.998933, -1.07288e-06, 28.6554, 2.75597e-05)
bones/9/enabled = true
bones/9/position = Vector3(1.14081e-06, 28.6554, 1.94141e-06)
bones/9/rotation = Quaternion(0.00346796, -0.149785, 0.71948, 0.67816)
bones/9/scale = Vector3(1, 1, 1)
bones/10/name = "mixamorig_LeftHand"
bones/10/parent = 9
bones/10/rest = Transform3D(0.140993, -0.244628, -0.959311, -0.0529436, 0.965741, -0.254048, 0.988594, 0.0866084, 0.123211, 9.53674e-07, 45.5783, 2.06754e-07)
bones/10/enabled = true
bones/10/position = Vector3(5.93013e-07, 45.5783, -1.12205e-05)
bones/10/rotation = Quaternion(-0.0975186, 0.0348253, 0.195311, 0.975259)
bones/10/scale = Vector3(1, 1, 1)
bones/11/name = "mixamorig_LeftHandThumb1"
bones/11/parent = 10
bones/11/rest = Transform3D(0.944181, -0.329414, -0.00287664, 0.329426, 0.944145, 0.00824371, 3.69735e-07, -0.00873119, 0.999962, -4.39034, 7.06459, -0.0708656)
bones/11/enabled = true
bones/11/position = Vector3(-4.39031, 7.0646, -0.0708755)
bones/11/rotation = Quaternion(0.217839, -0.00724316, 0.386552, 0.896142)
bones/11/scale = Vector3(1, 1, 1)
bones/12/name = "mixamorig_LeftHandThumb2"
bones/12/parent = 11
bones/12/rest = Transform3D(1, -4.63549e-07, -2.52721e-07, 4.69781e-07, 0.999681, 0.0252441, 2.40938e-07, -0.0252441, 0.999681, -1.45445, 6.4935, -5.72205e-06)
bones/12/enabled = true
bones/12/position = Vector3(-1.45442, 6.49349, 1.17543e-05)
bones/12/rotation = Quaternion(0.00412367, -0.00771358, -0.283946, 0.9588)
bones/12/scale = Vector3(1, 1, 1)
bones/13/name = "mixamorig_LeftHandThumb3"
bones/13/parent = 12
bones/13/rest = Transform3D(1, -4.14803e-07, 2.72846e-07, 4.25249e-07, 0.999221, -0.0394701, -2.56261e-07, 0.0394701, 0.999221, 0.0253667, 8.35269, 6.19888e-06)
bones/13/enabled = true
bones/13/position = Vector3(0.0253619, 8.35269, 1.24363e-05)
bones/13/rotation = Quaternion(-0.143886, 0.0143867, 0.157664, 0.976848)
bones/13/scale = Vector3(1, 1, 1)
bones/14/name = "mixamorig_LeftHandThumb4"
bones/14/parent = 13
bones/14/rest = Transform3D(1, 9.06584e-09, -2.60188e-08, -9.06584e-09, 1, 5.75092e-08, 2.60188e-08, -5.75092e-08, 1, 1.42907, 8.24219, -6.67572e-06)
bones/14/enabled = true
bones/14/position = Vector3(1.42907, 8.24219, -1.68085e-05)
bones/14/rotation = Quaternion(-2.87546e-08, -1.30094e-08, -4.53292e-09, 1)
bones/14/scale = Vector3(1, 1, 1)
bones/15/name = "mixamorig_LeftHandIndex1"
bones/15/parent = 10
bones/15/rest = Transform3D(0.988203, -0.149774, -0.0319754, 0.15315, 0.966425, 0.206319, 5.36442e-07, -0.208782, 0.977962, -4.73022, 15.3721, 0.853786)
bones/15/enabled = true
bones/15/position = Vector3(-4.73019, 15.3721, 0.853788)
bones/15/rotation = Quaternion(0.155679, 0.0023402, -0.0116905, 0.987736)
bones/15/scale = Vector3(1, 1, 1)
bones/16/name = "mixamorig_LeftHandIndex2"
bones/16/parent = 15
bones/16/rest = Transform3D(1, -4.43087e-07, 1.83742e-07, 4.77059e-07, 0.958633, -0.284644, -5.00195e-08, 0.284644, 0.958633, 0.302505, 13.1283, -9.53674e-07)
bones/16/enabled = true
bones/16/position = Vector3(0.302518, 13.1283, 2.17818e-06)
bones/16/rotation = Quaternion(0.133159, 8.29567e-05, -0.0394811, 0.990308)
bones/16/scale = Vector3(1, 1, 1)
bones/17/name = "mixamorig_LeftHandIndex3"
bones/17/parent = 16
bones/17/rest = Transform3D(1, 1.11549e-06, -2.35812e-07, -1.13458e-06, 0.994011, -0.109276, 1.12503e-07, 0.109276, 0.994011, -0.0894713, 11.5439, -3.8147e-06)
bones/17/enabled = true
bones/17/position = Vector3(-0.0895022, 11.5439, -8.64221e-06)
bones/17/rotation = Quaternion(0.133121, 0.00107021, -0.0299472, 0.990647)
bones/17/scale = Vector3(1, 1, 1)
bones/18/name = "mixamorig_LeftHandIndex4"
bones/18/parent = 17
bones/18/rest = Transform3D(1, 3.91156e-08, 2.98955e-07, -3.91155e-08, 1, -2.72063e-07, -2.98955e-07, 2.72063e-07, 1, -0.213014, 10.9756, -2.09808e-05)
bones/18/enabled = true
bones/18/position = Vector3(-0.213026, 10.9756, -1.16825e-05)
bones/18/rotation = Quaternion(1.36031e-07, 1.49477e-07, -1.95578e-08, 1)
bones/18/scale = Vector3(1, 1, 1)
bones/19/name = "mixamorig_LeftHandMiddle1"
bones/19/parent = 10
bones/19/rest = Transform3D(0.998996, -0.044126, -0.00769626, 0.0447922, 0.984141, 0.171638, 5.04777e-07, -0.17181, 0.98513, -0.96222, 15.0565, 1.02404)
bones/19/enabled = true
bones/19/position = Vector3(-0.962185, 15.0565, 1.02405)
bones/19/rotation = Quaternion(0.313784, 0.00975886, -0.0407768, 0.948568)
bones/19/scale = Vector3(1, 1, 1)
bones/20/name = "mixamorig_LeftHandMiddle2"
bones/20/parent = 19
bones/20/rest = Transform3D(1, 9.29832e-07, -9.26401e-08, -9.25363e-07, 0.971632, -0.2365, -1.29893e-07, 0.2365, 0.971631, 0.268387, 13.9294, -8.58307e-06)
bones/20/enabled = true
bones/20/position = Vector3(0.268369, 13.9294, -3.26429e-05)
bones/20/rotation = Quaternion(0.292186, -0.00125942, -0.0623531, 0.954326)
bones/20/scale = Vector3(1, 1, 1)
bones/21/name = "mixamorig_LeftHandMiddle3"
bones/21/parent = 20
bones/21/rest = Transform3D(1, -4.74394e-07, -6.9078e-08, 4.6438e-07, 0.994349, -0.10616, 1.19049e-07, 0.10616, 0.994349, -0.0664084, 13.0519, 5.72205e-06)
bones/21/enabled = true
bones/21/position = Vector3(-0.0663888, 13.0519, 1.78414e-05)
bones/21/rotation = Quaternion(0.308498, 0.00270991, -0.0586136, 0.949413)
bones/21/scale = Vector3(1, 1, 1)
bones/22/name = "mixamorig_LeftHandMiddle4"
bones/22/parent = 21
bones/22/rest = Transform3D(1, 9.31323e-08, 4.82425e-07, -9.31322e-08, 1, -3.02563e-07, -4.82425e-07, 3.02563e-07, 1, -0.201977, 12.6846, 1.33514e-05)
bones/22/enabled = true
bones/22/position = Vector3(-0.201977, 12.6846, 1.23978e-05)
bones/22/rotation = Quaternion(1.51282e-07, 2.41213e-07, -4.65661e-08, 1)
bones/22/scale = Vector3(1, 1, 1)
bones/23/name = "mixamorig_LeftHandRing1"
bones/23/parent = 10
bones/23/rest = Transform3D(0.990885, 0.132932, 0.0218044, -0.134709, 0.977818, 0.160391, 4.30271e-07, -0.161866, 0.986813, 1.78631, 15.3258, 1.05098)
bones/23/enabled = true
bones/23/position = Vector3(1.78634, 15.3258, 1.05096)
bones/23/rotation = Quaternion(0.401843, 0.0161646, -0.0561805, 0.913841)
bones/23/scale = Vector3(1, 1, 1)
bones/24/name = "mixamorig_LeftHandRing2"
bones/24/parent = 23
bones/24/rest = Transform3D(1, 2.39095e-07, -1.89247e-07, -2.7872e-07, 0.968436, -0.249261, 1.23677e-07, 0.249261, 0.968436, 0.200581, 12.6827, -1.90735e-05)
bones/24/enabled = true
bones/24/position = Vector3(0.2006, 12.6827, 1.00844e-05)
bones/24/rotation = Quaternion(0.357318, -0.00102497, -0.0695785, 0.931387)
bones/24/scale = Vector3(1, 1, 1)
bones/25/name = "mixamorig_LeftHandRing3"
bones/25/parent = 24
bones/25/rest = Transform3D(1, -4.21836e-07, -5.05504e-07, 4.05178e-07, 0.999471, -0.0325122, 5.18951e-07, 0.0325122, 0.999471, -0.0850492, 11.7254, 2.86102e-06)
bones/25/enabled = true
bones/25/position = Vector3(-0.0850546, 11.7254, -7.66604e-06)
bones/25/rotation = Quaternion(0.373256, 0.00312943, -0.0626823, 0.925603)
bones/25/scale = Vector3(1, 1, 1)
bones/26/name = "mixamorig_LeftHandRing4"
bones/26/parent = 25
bones/26/rest = Transform3D(1, -7.45057e-09, -1.05938e-07, 7.45059e-09, 1, 1.62516e-07, 1.05938e-07, -1.62516e-07, 1, -0.11552, 11.296, 1.62125e-05)
bones/26/enabled = true
bones/26/position = Vector3(-0.115526, 11.296, 1.68085e-05)
bones/26/rotation = Quaternion(-8.12579e-08, -5.2969e-08, 3.72529e-09, 1)
bones/26/scale = Vector3(1, 1, 1)
bones/27/name = "mixamorig_LeftHandPinky1"
bones/27/parent = 10
bones/27/rest = Transform3D(0.908356, 0.417495, 0.0242139, -0.418197, 0.906833, 0.0525958, 5.02914e-07, -0.0579019, 0.998322, 3.90599, 13.39, -0.0792656)
bones/27/enabled = true
bones/27/position = Vector3(3.90599, 13.39, -0.0792556)
bones/27/rotation = Quaternion(0.47994, 0.014255, -0.0751193, 0.873963)
bones/27/scale = Vector3(1, 1, 1)
bones/28/name = "mixamorig_LeftHandPinky2"
bones/28/parent = 27
bones/28/rest = Transform3D(1, 2.7042e-08, -7.03703e-07, -1.89025e-07, 0.9729, -0.231228, 6.7838e-07, 0.231228, 0.9729, 0.0758946, 7.67344, 3.8147e-06)
bones/28/enabled = true
bones/28/position = Vector3(0.075882, 7.67346, 1.15034e-05)
bones/28/rotation = Quaternion(0.429281, -0.000619903, -0.0827773, 0.899369)
bones/28/scale = Vector3(1, 1, 1)
bones/29/name = "mixamorig_LeftHandPinky3"
bones/29/parent = 28
bones/29/rest = Transform3D(1, 1.27026e-07, 1.11755e-06, -1.26294e-07, 1, -0.000654992, -1.11763e-06, 0.000654992, 1, -0.0401793, 6.62878, 5.72205e-06)
bones/29/enabled = true
bones/29/position = Vector3(-0.0401986, 6.62877, 1.89625e-06)
bones/29/rotation = Quaternion(0.429223, 0.00262506, -0.0755423, 0.90003)
bones/29/scale = Vector3(1, 1, 1)
bones/30/name = "mixamorig_LeftHandPinky4"
bones/30/parent = 29
bones/30/rest = Transform3D(1, 8.19564e-08, -9.49949e-08, -8.19564e-08, 1, 1.73226e-07, 9.49949e-08, -1.73226e-07, 1, -0.035708, 5.78206, 2.38419e-06)
bones/30/enabled = true
bones/30/position = Vector3(-0.0357003, 5.78208, 9.53669e-07)
bones/30/rotation = Quaternion(-8.6613e-08, -4.74975e-08, -4.09782e-08, 1)
bones/30/scale = Vector3(1, 1, 1)
bones/31/name = "mixamorig_RightShoulder"
bones/31/parent = 3
bones/31/rest = Transform3D(-0.00678229, -0.9667, 0.255821, 0.000188619, -0.255828, -0.966722, 0.999977, -0.00650838, 0.00191748, -6.12376, 8.84375, -0.0432037)
bones/31/enabled = true
bones/31/position = Vector3(-6.12376, 8.8438, -0.0432033)
bones/31/rotation = Quaternion(0.606438, -0.379592, 0.592231, 0.370682)
bones/31/scale = Vector3(1, 1, 1)
bones/32/name = "mixamorig_RightArm"
bones/32/parent = 31
bones/32/rest = Transform3D(0.981321, -0.190378, -0.0276661, 0.192378, 0.97112, 0.141125, -4.00469e-08, -0.143811, 0.989605, 3.42727e-07, 12.7537, -2.7068e-05)
bones/32/enabled = true
bones/32/position = Vector3(-1.26909e-06, 12.7537, -3.16004e-06)
bones/32/rotation = Quaternion(0.161349, 0.154039, 0.232764, 0.946604)
bones/32/scale = Vector3(1, 1, 1)
bones/33/name = "mixamorig_RightForeArm"
bones/33/parent = 32
bones/33/rest = Transform3D(0.921305, 0.388435, -0.0177607, -0.388841, 0.920343, -0.0420824, -2.85916e-07, 0.0456768, 0.998956, 1.19209e-07, 28.6712, -8.59797e-06)
bones/33/enabled = true
bones/33/position = Vector3(2.77842e-06, 28.6712, -1.54278e-05)
bones/33/rotation = Quaternion(0.000322045, 0.0148196, -0.0913826, 0.995706)
bones/33/scale = Vector3(1, 1, 1)
bones/34/name = "mixamorig_RightHand"
bones/34/parent = 33
bones/34/rest = Transform3D(0.153784, 0.246174, 0.956948, 0.0545719, 0.964874, -0.256983, -0.986596, 0.0917425, 0.134948, -1.3113e-06, 45.577, 2.90945e-06)
bones/34/enabled = true
bones/34/position = Vector3(8.38427e-06, 45.577, -2.66943e-07)
bones/34/rotation = Quaternion(-0.179527, -0.0180873, -0.186562, 0.965732)
bones/34/scale = Vector3(1, 1, 1)
bones/35/name = "mixamorig_RightHandThumb1"
bones/35/parent = 34
bones/35/rest = Transform3D(0.94263, 0.333795, 0.00542482, -0.333839, 0.942506, 0.015319, 4.57279e-07, -0.0162511, 0.999868, 4.35771, 7.04526, -0.131586)
bones/35/enabled = true
bones/35/position = Vector3(4.35773, 7.04527, -0.13158)
bones/35/rotation = Quaternion(0.226659, -0.0664719, -0.257331, 0.93701)
bones/35/scale = Vector3(1, 1, 1)
bones/36/name = "mixamorig_RightHandThumb2"
bones/36/parent = 35
bones/36/rest = Transform3D(1, 2.19122e-08, 1.52637e-07, -2.65165e-08, 0.999543, 0.0302305, -1.51905e-07, -0.0302305, 0.999543, 1.40462, 6.47755, -2.86102e-06)
bones/36/enabled = true
bones/36/position = Vector3(1.4046, 6.47754, 8.41524e-06)
bones/36/rotation = Quaternion(0.0134129, 0.0161749, 0.166068, 0.98589)
bones/36/scale = Vector3(1, 1, 1)
bones/37/name = "mixamorig_RightHandThumb3"
bones/37/parent = 36
bones/37/rest = Transform3D(1, -1.28736e-06, 1.35904e-08, 1.28589e-06, 0.998232, -0.0594373, 6.29505e-08, 0.0594373, 0.998232, 0.0657695, 8.32265, 9.53674e-07)
bones/37/enabled = true
bones/37/position = Vector3(0.065776, 8.32267, 1.57693e-06)
bones/37/rotation = Quaternion(-0.122704, -0.00301377, -0.162688, 0.979013)
bones/37/scale = Vector3(1, 1, 1)
bones/38/name = "mixamorig_RightHandThumb4"
bones/38/parent = 37
bones/38/rest = Transform3D(1, 2.25846e-08, -1.00117e-07, -2.25846e-08, 1, 2.53785e-08, 1.00117e-07, -2.53785e-08, 1, -1.47042, 8.3637, -1.90735e-06)
bones/38/enabled = true
bones/38/position = Vector3(-1.47042, 8.36371, -1.40121e-12)
bones/38/rotation = Quaternion(-1.26893e-08, -5.00586e-08, -1.12923e-08, 1)
bones/38/scale = Vector3(1, 1, 1)
bones/39/name = "mixamorig_RightHandIndex1"
bones/39/parent = 34
bones/39/rest = Transform3D(0.986569, 0.160017, 0.0327948, -0.163343, 0.96648, 0.19808, 5.08502e-07, -0.200776, 0.979637, 4.68684, 15.1668, 0.725027)
bones/39/enabled = true
bones/39/position = Vector3(4.68685, 15.1668, 0.725048)
bones/39/rotation = Quaternion(0.144436, 0.0303141, -0.0918383, 0.984777)
bones/39/scale = Vector3(1, 1, 1)
bones/40/name = "mixamorig_RightHandIndex2"
bones/40/parent = 39
bones/40/rest = Transform3D(1, -4.6786e-07, 1.23768e-07, 4.83951e-07, 0.965805, -0.259268, 1.76515e-09, 0.259268, 0.965805, -0.331805, 13.1058, 6.67572e-06)
bones/40/enabled = true
bones/40/position = Vector3(-0.331823, 13.1058, -5.98389e-06)
bones/40/rotation = Quaternion(0.140628, 9.93357e-05, 0.0403422, 0.98924)
bones/40/scale = Vector3(1, 1, 1)
bones/41/name = "mixamorig_RightHandIndex3"
bones/41/parent = 40
bones/41/rest = Transform3D(1, 5.61124e-07, 3.10692e-07, -5.08034e-07, 0.988633, -0.150348, -3.91525e-07, 0.150348, 0.988633, 0.0664066, 11.8137, -5.72205e-06)
bones/41/enabled = true
bones/41/position = Vector3(0.0664288, 11.8137, -2.54839e-06)
bones/41/rotation = Quaternion(0.144414, -0.00100986, 0.0344691, 0.988916)
bones/41/scale = Vector3(1, 1, 1)
bones/42/name = "mixamorig_RightHandIndex4"
bones/42/parent = 41
bones/42/rest = Transform3D(1, -3.81843e-08, -2.66358e-07, 3.81842e-08, 1, -3.92552e-07, 2.66358e-07, 3.92552e-07, 1, 0.265414, 11.3458, 1.81198e-05)
bones/42/enabled = true
bones/42/position = Vector3(0.265406, 11.3458, 3.8147e-06)
bones/42/rotation = Quaternion(1.96276e-07, -1.33179e-07, 1.90921e-08, 1)
bones/42/scale = Vector3(1, 1, 1)
bones/43/name = "mixamorig_RightHandMiddle1"
bones/43/parent = 34
bones/43/rest = Transform3D(0.99839, 0.0555957, 0.0112085, -0.0567143, 0.978697, 0.197319, 3.08733e-07, -0.197637, 0.980275, 1.12519, 15.4962, 1.21898)
bones/43/enabled = true
bones/43/position = Vector3(1.12521, 15.4962, 1.21899)
bones/43/rotation = Quaternion(0.194174, 0.0150231, -0.0428998, 0.979913)
